   vol       energy         de(EOS2)      de(Murnaghan)  Pressure(GPa)
71.9690     -159.068041     0.000026     0.000020         45.159
70.3697     -159.062432    -0.000006     0.000002         57.863
78.3662     -159.078429     0.000003     0.000009          5.208
76.7669     -159.077414     0.000019     0.000021         13.809
75.1676     -159.075361    -0.000020    -0.000024         23.262
73.5683     -159.072270    -0.000020    -0.000028         33.672
88.7618     -159.066416    -0.000013    -0.000016        -35.321
90.3611     -159.062375     0.000021     0.000031        -39.804
79.9656     -159.078554    -0.000007    -0.000000         -2.633
80.7652     -159.078315    -0.000001     0.000005         -6.294
82.3645     -159.077249    -0.000001     0.000001        -13.144
83.9638     -159.075480     0.000011     0.000008        -19.416
85.5631     -159.073078     0.000042     0.000035        -25.170
87.1625     -159.069951    -0.000054    -0.000063        -30.456
